"LinAccX" "LinAccY" "LinAccZ"
"1" 0 0 0
"2" 7.72 -29.35 -9.33
"3" -8.62 3.14 1.51
"4" -0.01 -1.45 -1.49
"5" 3.45 -2.33 -1.4
"6" 1.27 -0.24 -1.72
"7" 2.99 -1.28 -2.18
"8" 0.14 3.57 2.53
"9" -1 2.74 2.77
"10" -0.19 -0.22 -0.71
"11" 0.19 0.81 -1.92
"12" 0.41 -0.16 -1.8
"13" 0.63 -0.93 -1.81
"14" 0.23 -0.39 -1.38
"15" 0.28 0.17 -1.26
"16" -0.79 1.01 -1.1
"17" -0.83 0.95 1.13
"18" -0.74 1.27 0.78
"19" 0.77 -1.97 -1.84
"20" 0.63 -1.04 -1.6
"21" 0.03 0.34 -1.49
"22" -0.23 -0.53 -0.78
"23" -0.57 0.26 -0.84
"24" -1.01 0.06 0.52
"25" -0.69 0.42 1.31
"26" -0.55 0.22 0.15
"27" 0.95 0.79 -2.78
"28" 1.24 0.65 0.3
"29" -0.32 -2.27 0.96
"30" 1.05 -1.79 0.76
"31" 1.5 -3.5 -3.36
"32" -0.24 2.18 -0.34
"33" -2.28 -2.82 -4.72
"34" -3.13 0.94 -1.76
"35" -0.84 -0.94 2.83
"36" 2.82 -1.39 0.76
"37" 10.82 5.3 2.62
"38" 29.92 -4.56 3.68
"39" -36.24 -45.97 -34.27
"40" -16.5 -27.4 6.66
"41" -6 -1.2 1.94
"42" 16.02 -6.22 -8.93
"43" 4.74 -1.71 10.69
"44" 13.64 -7.22 1.31
"45" 27.92 -31.52 8.05
"46" -37.59 32.5 -30.48
"47" -25.26 -17.69 10.74
"48" 11.91 -2.38 -7.47
"49" 22.98 8.41 -2.73
"50" 35.01 -9.74 9.57
"51" -38.38 -42.03 -40.74
"52" -12.74 -40.12 6.63
"53" -8.35 -8.33 -7.66
"54" 13.22 -9.53 -14.54
"55" 32.34 13.71 -2.14
"56" 34.08 -37.33 3.3
"57" -32.67 39.04 29.98
"58" -29.6 -22.65 10.01
"59" 18.01 -5.52 -3.51
"60" 28.18 16.02 0.3
"61" 35.63 -22.98 8.29
"62" -26.05 41.84 29.36
"63" -0.65 -20.65 20.77
"64" -6.18 -4.68 -6.8
"65" 17.95 -0.5 -10.17
"66" 34.29 -5.87 8.19
"67" -32.28 -42.73 -37.31
"68" -1.47 -42.09 -46.13
"69" -19.64 -10.09 -3.01
"70" 33.79 -5.14 -27.58
"71" 34.7 -21.53 14.42
"72" -38.43 19.55 29.31
"73" -19.7 -9.37 12.27
"74" 11.76 -6.21 -9.82
"75" 9.69 3.62 -6.82
"76" 1.96 4.11 -2.09
"77" 1.08 0.33 0.27
"78" 0.18 -0.56 -0.28
"79" 0.91 -0.55 -0.01
"80" 0.19 0.44 -1.97
"81" 0.1 0.8 -1.63
"82" 0.17 -0.45 -1.12
"83" -0.05 0.5 -1.66
"84" -0.24 -0.11 -1.05
"85" -0.11 1.39 -0.15
"86" -0.48 1.15 -0.22
"87" 1.42 -0.69 -0.98
"88" 0.3 -0.04 -0.65
"89" -0.05 -0.07 -1.06
"90" 0.22 0.03 -0.48
"91" -0.12 0.62 -1.76
"92" 0.88 -0.47 -1.85
"93" 0.38 0.39 -0.72
"94" -0.08 0.79 -0.16
"95" 0 0.25 -1.51
"96" -0.13 0 -1.65
"97" 3.88 2.71 -1.3
"98" 31.19 0.26 5.33
"99" -36.23 -15.66 -11.85
"100" 0.08 -11.78 3.43
"101" -3.17 2.7 5.03
"102" -1.42 3.63 2.32
"103" -1.08 3.22 1.43
"104" 0.03 1.75 -0.76
"105" -0.23 0.78 0.53
"106" -2.66 1.06 -0.58
"107" -3.17 -0.03 -0.44
"108" -1.67 -0.81 -1.08
"109" -0.98 -1.55 -1.19
"110" 0.97 -0.76 -3.31
"111" 2.18 -1.63 -1.55
"112" 1.76 -0.19 0.24
"113" 3.45 0.09 0.17
"114" 19.95 0.64 -2.57
"115" 37.2 -32.34 -6.57
"116" -30.45 33.51 1.67
"117" 1.19 -4.41 -1.55
"118" -1.54 0.22 3.16
"119" -0.89 1.13 3.58
"120" -1.28 2.78 1.2
"121" -1.01 1.36 0.1
"122" -4.86 -0.25 -0.62
"123" -7.12 -1.94 -0.44
"124" -1.06 -1.88 -1.18
"125" 4.23 -2.37 -2.4
"126" 3.32 -1.04 0.05
"127" 4.26 -0.72 3.02
"128" 7.24 -0.26 -0.37
"129" 27.41 6.29 3.07
"130" 37.76 -45.42 -21.07
"131" -2.89 -16.51 -48.31
"132" -1.5 -0.37 -0.56
"133" 0 -0.24 2.54
"134" -0.18 1.2 1.6
"135" -0.49 1.25 -0.32
"136" -0.82 0.72 -0.69
"137" -1.79 1.83 0.49
"138" -4.49 0.04 -0.42
"139" -5.07 -2.23 0.76
"140" -1.06 -1.76 1.55
"141" 1.94 -0.77 -0.89
"142" 5.37 -1.1 -0.78
"143" 3.24 0.24 -0.31
"144" 3.09 -1.1 0.99
"145" 2.35 0.34 -0.35
"146" 0.68 0.27 -0.97
"147" -0.42 0.32 -0.22
"148" -0.01 -0.26 -0.61
"149" -0.2 0.57 -0.45
"150" 0.57 0.58 -0.09
"151" 0.43 0.47 -0.46
"152" 0.34 -0.24 0.18
"153" -0.01 0.33 -1.28
"154" -0.07 0.1 -0.41
"155" 0.21 -0.07 -0.51
"156" 0.5 -0.08 -0.66
"157" 0.33 0.37 0.02
"158" 0.27 -0.22 0.22
"159" 0.77 0 -0.27
"160" -0.1 0.99 -0.52
"161" 0 0.18 1.02
"162" 0.11 0.24 0.17
"163" 0.65 0.31 -0.72
"164" 0.62 1.04 -1.32
"165" -0.25 0.97 -1.21
"166" -0.54 0.16 0.58
"167" 0.38 -0.63 -0.48
"168" 0.33 -0.2 -1.26
"169" -0.5 0.79 0.03
"170" 0.04 0.16 0.18
"171" 0.76 0.49 -0.36
"172" 0.1 -0.34 1.1
"173" -0.66 0.03 -0.27
"174" 0.23 -0.5 0.55
"175" 0.95 -0.24 -0.1
"176" 0.67 1.69 0.02
"177" 0.36 0.11 0.09
"178" -0.39 1.41 -0.64
"179" -0.68 2 -0.48
"180" 0.14 -0.38 0.4
"181" 0.4 -1.63 -0.65
"182" 0.02 -0.95 0.09
"183" 0.37 0.49 -0.74
"184" 0.31 0.53 -0.67
"185" 0 0.66 -1.43
"186" 0.67 0.96 -0.6
"187" 1.95 0.75 0.66
"188" 15.23 5.59 -1.55
"189" 31.63 -9.9 3.71
"190" -26.59 25.65 0
"191" -37.52 -16.4 7.69
"192" 10.81 -22.5 3.92
"193" 11.13 0 0
"194" 2.69 -1.09 -1.69
"195" 0 -0.42 1.36
"196" 1.23 -0.53 2.04
"197" 5.21 0.12 -1.29
"198" 18.62 5.4 -2.5
"199" 4.9 -33.28 -20.98
"200" -14.55 7.04 -23.57
"201" -32.86 -19.08 -1.56
"202" 30.81 -41.22 24.76
"203" 6.15 7.8 -4.7
"204" 4.35 0 0
"205" 3.83 0 0
"206" 14.88 1.48 -0.88
"207" 5.1 -21.55 -20.53
"208" -22.1 -3.92 -22.55
"209" -25.97 -22.39 11.95
"210" 4.02 -1.81 22.21
"211" 5.14 0 0
"212" 2.73 0.6 -0.3
"213" 0.06 -0.83 0.39
"214" 0.03 -0.46 -1.31
"215" -0.16 0.53 -0.02
"216" 0.01 0.17 0.17
"217" -0.76 -0.11 0.6
"218" -0.65 0.12 0.27
"219" -0.06 0.11 0.01
"220" 0.31 -0.05 -0.23
"221" 0.12 0.66 -0.13
"222" 0.09 1.04 0.25
"223" 0.08 1.08 0.66
"224" -0.12 0.53 0.08
"225" -0.14 0.27 -0.43
"226" 0.04 0 0
"227" 0.13 0 0
"228" 0.2 -0.21 -0.45
"229" 0.66 -1.77 -0.43
"230" -0.17 -0.12 -0.63
"231" -0.36 0.73 0.74
"232" -0.04 0.89 0.34
"233" 0.37 0.28 -0.18
"234" 0.07 0.55 -0.29
"235" 0.33 0.14 -0.21
"236" 0.4 0.2 -0.35
"237" 0.41 0.09 -0.34
"238" 0.3 0 -0.11
"239" 0.13 0.19 -0.44
"240" 0.11 0.52 -0.15
"241" -0.12 0.64 -0.1
"242" 0.16 0.35 -0.08
"243" 0.05 0.3 -0.18
"244" 0.36 -0.41 -0.28
"245" 0.26 0.35 -0.1
"246" 0.35 0.03 0.32
"247" 0.08 0.05 -0.41
"248" 0.39 -0.01 -0.53
"249" -0.19 0.92 0.56
"250" -0.39 0.44 0.07
"251" 0.05 -0.05 1.06
"252" -0.15 0.78 1
"253" 0.46 -0.11 0.05
"254" 0.12 0.47 -0.45
"255" -1.08 1.8 0.75
"256" 0.16 -0.16 0.16
"257" 0.75 -1.34 -0.42
"258" 0.4 0.23 -0.79
"259" -0.25 0.33 -0.16
"260" -0.14 0.39 1.02
"261" 0.28 -0.06 -0.05
"262" 0.48 -0.39 -0.56
"263" 0.27 0 -0.02
"264" -0.05 0.32 0.31
"265" 0.02 0 0
"266" 0.33 -0.01 -0.52
"267" -1.28 0.7 -0.09
"268" 0.1 0.15 0.27
"269" 0.1 0.23 -0.49
"270" 0.5 -0.33 0.21
"271" 0.04 0.36 -0.17
"272" 0.32 -0.07 -0.21
"273" 0.41 -0.07 -0.02
"274" 0.05 0.31 0.31
"275" 0.4 0 0.33
"276" -0.09 0.12 -0.41
"277" 0.2 -0.07 -0.22
"278" 0.22 -0.2 0.43
"279" 0.16 0.34 0.04
"280" -0.12 0.82 0.06
"281" -0.31 0.3 0.07
"282" -0.27 0.02 -0.36
"283" -0.48 0.27 -0.03
"284" 1.87 2.02 -0.51
"285" 17.88 8.69 1.67
"286" 17.74 -44.38 -7.39
"287" -21.04 -17.86 -19.07
"288" -4.35 -4.54 1.57
"289" 17.13 -5.91 3.31
"290" 13.5 2.74 0.1
"291" 28.08 2.68 -1.91
"292" -39.01 -41.1 -1.33
"293" -0.61 -37.24 23.8
"294" -14.17 1.31 -6.63
"295" 5.62 -6.51 4.15
"296" 11.25 0.28 4.08
"297" 12.37 3.59 4.08
"298" 35.86 -23.52 2.71
"299" -37.63 38.56 29.65
"300" -7.72 -1.26 -1.22
"301" -13.27 -1.26 0.31
"302" 0.32 -1.49 3.39
"303" 10.92 2.63 -2.15
"304" 27.68 4.97 2.15
"305" 15.75 -36.4 -18.28
"306" -7.66 -18.61 -28.25
"307" -10.75 -2.01 -0.93
"308" -3.44 -2 -1.3
"309" 6.95 -1.99 -1.75
"310" 19.55 1.23 1.23
"311" 34.96 -8.73 9.91
"312" -39.07 -25.52 29.73
"313" -2.14 -16.81 7.46
"314" -5.86 -2.77 -2.71
"315" -0.2 -4.62 -0.67
"316" 7.34 1.78 -1.12
"317" 20.03 2.5 -2.22
"318" 33.41 -7.77 14.86
"319" -37.99 -42.11 19.4
"320" 0.45 -29.29 12.49
"321" -11.4 -1.23 -3.36
"322" 3.27 -4.37 -0.26
"323" 16.63 -1.15 -2.66
"324" 32.24 -3.48 6.54
"325" -20.56 -41.02 -14.49
"326" 3.09 -20.68 -29.84
"327" -13.83 -0.88 -5.19
"328" 4.38 -4.05 0.33
"329" 8.75 0 2.95
"330" 5.25 4.53 -2.6
"331" 2.6 1.1 0.07
"332" 0.83 -0.4 -0.73
"333" 0.08 0.43 -1.14
"334" 0.21 -0.06 2.01
"335" -0.19 -1.39 0.01
"336" -1.45 -0.04 -0.02
"337" 0.68 -2.8 0.42
"338" -0.35 2.33 0.62
"339" 0.93 -0.56 0.99
"340" 0.59 0.34 -0.67
"341" 0.33 0.38 -0.97
"342" 0.5 0.22 0.54
"343" 0.64 -0.07 0.03
"344" 0.55 0.4 0.2
"345" 0.94 -0.27 0.18
"346" 0.44 -0.1 0.55
"347" 0.39 -0.34 0.14
"348" 0.49 -0.13 0.23
"349" -0.23 0.46 -0.74
"350" -0.3 0.23 0.32
"351" -0.02 0.32 0.58
"352" 0.46 1.36 0.62
"353" 1.84 -1.8 -1.92
"354" 1.36 0.12 3.07
"355" -0.34 -1.01 0.9
"356" -1.13 0.12 0.89
"357" -0.82 1.62 0.32
"358" 0.36 1.69 -0.67
"359" 0.55 1.22 -1.46
"360" 0.48 0.57 0.13
"361" 0.09 0.58 -0.97
"362" 0.11 0.87 -0.73
"363" 0.13 1.83 -1.21
"364" -0.62 0.66 -0.18
"365" -0.17 0.72 -0.43
"366" 0.27 0.49 -0.16
"367" -0.11 -0.05 -0.45
"368" -0.8 0.11 0.22
"369" -1.35 -0.59 1.59
"370" -1.94 -1.41 0.39
"371" -0.77 1.91 4.2
"372" -0.18 2.78 3.08
"373" 0.46 -0.18 -0.51
"374" 0.63 -2.68 -0.5
"375" 1.91 -3.49 -1.34
"376" -0.02 -3.27 -1.09
"377" -0.86 1.88 1.34
"378" 0.15 0.7 4.1
"379" 0.43 -1.15 0.94
"380" 1.02 -0.74 -0.35
"381" 0.04 0.42 0.53
"382" 0.19 0.22 -1.3
"383" 0.4 -0.88 -0.18
"384" 0.22 0.49 0.51
"385" 1.56 0.63 0.07
"386" 15.27 6.24 -0.75
"387" 37.32 -16.86 7.54
"388" -35.87 35.79 12.14
"389" -6.32 -8.32 7.62
"390" -7.21 3.65 5.03
"391" -9.18 1.26 1.09
"392" -3.53 -3.38 1.15
"393" 5.68 -4.25 1.15
"394" 15.56 -2.53 5.73
"395" 29.19 2.44 -0.98
"396" -39.6 -44.44 -13.17
"397" 16.96 -42.73 -11.97
"398" -3.17 0.23 6.85
"399" -5.48 1.32 3.37
"400" -6.88 -4.21 -4.82
"401" -2.09 -5.34 -0.37
"402" 4.2 -2.63 0.69
"403" 17.11 0.87 4.47
"404" 30.74 -7.39 11.82
"405" -40.75 -42.56 -2.14
"406" 7.91 -31.58 12.86
"407" 1.99 -7.1 4.44
"408" -3.3 -0.03 1.94
"409" -6.42 -1.65 0.62
"410" -3.25 -3.75 -1.6
"411" 1.59 -0.94 -0.78
"412" 8.93 -2.72 0.95
"413" 15.96 4.36 3.1
"414" 35.6 -18.61 14.33
"415" -38.54 -4.17 10.59
"416" -7.91 -2.44 20.48
"417" -4.36 0.91 6.33
"418" -7.6 0.22 4.51
"419" -6.64 -3.32 -0.85
"420" 1.37 -4.05 -0.48
"421" 11.32 -2.42 1.59
"422" 21.5 0.25 4.69
"423" 32.29 -8.01 16.73
"424" -39.06 -28.56 6.42
"425" -1.38 -12.64 7.82
"426" -1.26 -1.93 3.29
"427" -6.88 -2.41 -0.02
"428" -9.25 -3.27 -2.55
"429" -2.5 -3.86 -0.2
"430" 13.06 -1.78 -0.7
"431" 31.53 2.26 0.02
"432" 25.25 -24.74 -0.59
"433" -35.99 8.04 31
"434" -0.38 -16.67 20.19
"435" -5.82 2.56 6.1
"436" -9.47 -1.25 -1.26
"437" -4.66 -7.58 -1.8
"438" 4.87 -5.24 2.65
"439" 19.75 0.49 3.7
"440" 23.38 1.27 6.33
"441" 1.39 -16.78 -25.54
"442" -12.78 2.18 -25.52
"443" -10.31 2.23 3.08
"444" -7.82 0.49 -5.66
"445" 1.16 -4.02 4.23
"446" 4.43 -1.13 2.06
"447" 6.95 -0.15 0.11
"448" 3.16 2.7 -1.4
"449" 0.65 0.6 1.91
"450" 0.21 0.04 1.06
"451" -0.5 0.13 1.73
"452" -0.03 0.81 0.17
"453" 0 1.04 -0.4
"454" 0.32 0.75 0.67
"455" 0.06 0.81 0.48
"456" -0.26 0.62 0.08
"457" 0.13 0.82 -0.04
"458" -0.14 0.71 0.12
"459" -0.74 0.96 1.48
